 --- Hash Table Y --- (double hashing)
[0]	0,	Fa,	,	2.62547e-006
[1]	
[2]	
[3]	
[4]	
[5]	92,	XL,	,	6.71268e-007
[6]	
[7]	
[8]	
[9]	
[10]	
[11]	11,	S,	,	1.04304e-008
[12]	
[13]	
[14]	
[15]	15,	F,	,	1.07403e-005
[16]	16,	]],	,	4.12558e-008
[17]	
[18]	18,	F@,	,	2.67017e-006
[19]	
[20]	
[21]	0,	aR,	,	2.62214e-009
[22]	22,	PZ,	,	1.03139e-008
[23]	
[24]	
[25]	
[26]	26,	>?,	,	1.06632e-008
[27]	0,	a],	,	4.19543e-008
[28]	
[29]	
[30]	30,	QS,	,	4.20075e-005
[31]	31,	<,	,	1.05468e-008
[32]	
[33]	33,	TW,	,	4.24843e-005
[34]	16,	Fd,	,	4.14886e-008
[35]	
[36]	
[37]	
[38]	38,	;`,	,	6.51898e-010
[39]	
[40]	40,	b(,	,	1.64092e-007
[41]	
[42]	42,	_L,	,	0.000168984
[43]	
[44]	
[45]	
[46]	
[47]	47,	F,	,	1.65023e-007
[48]	
[49]	
[50]	50,	[,	,	6.63818e-007
[51]	
[52]	
[53]	
[54]	
[55]	11,	G?,	,	6.59174e-010
[56]	
[57]	
[58]	
[59]	
[60]	
[61]	
[62]	
[63]	
[64]	
[65]	
[66]	
[67]	
[68]	
[69]	69,	K?,	,	2.56393e-009
[70]	
[71]	
[72]	
[73]	
[74]	
[75]	
[76]	
[77]	
[78]	
[79]	
[80]	
[81]	
[82]	
[83]	83,	XM,	,	1.05615e-005
[84]	
[85]	
[86]	
[87]	
[88]	
[89]	
[90]	
[91]	91,	OA,	,	6.44622e-010
[92]	92,	b\,	,	0.000170891
[93]	
[94]	
[95]	83,	1E,	,	1.66886e-007
[96]	96,	V5,	,	6.48259e-010
